0.000000 0.003180 0.003277 0.003191 0.001223 0.001515 0.001580 0.003296 0.000076 0.003078 0.003239 0.000950
0.003180 0.000000 0.000223 0.000662 0.003759 0.004070 0.001604 0.001056 0.003219 0.000365 0.000233 0.003517
0.003277 0.000223 0.000000 0.000876 0.003789 0.004094 0.001698 0.000864 0.003320 0.000254 0.000047 0.003662
0.003191 0.000662 0.000876 0.000000 0.003960 0.004286 0.001710 0.001714 0.003216 0.001005 0.000894 0.003346
0.001223 0.003759 0.003789 0.003960 0.000000 0.000333 0.002251 0.003521 0.001274 0.003550 0.003744 0.002091
0.001515 0.004070 0.004094 0.004286 0.000333 0.000000 0.002579 0.003790 0.001559 0.003851 0.004048 0.002335
0.001580 0.001604 0.001698 0.001710 0.002251 0.002579 0.000000 0.001829 0.001622 0.001505 0.001660 0.002052
0.003296 0.001056 0.000864 0.001714 0.003521 0.003790 0.001829 0.000000 0.003354 0.000714 0.000834 0.003879
0.000076 0.003219 0.003320 0.003216 0.001274 0.001559 0.001622 0.003354 0.000000 0.003124 0.003282 0.000878
0.003078 0.000365 0.000254 0.001005 0.003550 0.003851 0.001505 0.000714 0.003124 0.000000 0.000207 0.003509
0.003239 0.000233 0.000047 0.000894 0.003744 0.004048 0.001660 0.000834 0.003282 0.000207 0.000000 0.003631
0.000950 0.003517 0.003662 0.003346 0.002091 0.002335 0.002052 0.003879 0.000878 0.003509 0.003631 0.000000
