0.000000 232.000000 387.000000 534.500000 156.000000 1429.500000 408.000000 438.000000 204.000000 529.000000 419.000000 424.833333 141.000000 932.000000 833.000000 154.000000 2808.000000
-100000.000000 0.000000 155.000000 93.500000 334.000000 1607.500000 250.000000 92.500000 454.000000 179.500000 257.000000 275.000000 373.000000 1110.000000 601.000000 386.000000 2756.000000
387.000000 155.000000 0.000000 248.500000 530.100000 1803.600000 244.600000 247.500000 609.000000 334.500000 237.600000 471.100000 528.000000 1306.100000 876.000000 541.000000 2644.600000
534.500000 93.500000 248.500000 0.000000 232.000000 1505.500000 207.000000 104.000000 411.000000 86.000000 214.000000 173.000000 675.500000 1008.000000 694.500000 688.500000 2654.000000
156.000000 334.000000 530.100000 232.000000 0.000000 1095.000000 285.500000 128.000000 67.000000 317.333333 292.500000 59.000000 297.000000 186.000000 1646.500000 310.000000 3340.000000
1429.500000 1607.500000 1803.600000 1505.500000 1095.000000 0.000000 1559.000000 1401.500000 1340.500000 1590.833333 1566.000000 1332.500000 1570.500000 909.000000 2741.500000 1583.500000 4435.000000
408.000000 250.000000 244.600000 207.000000 285.500000 1559.000000 0.000000 150.000000 204.000000 121.000000 7.000000 226.500000 549.000000 1061.500000 851.000000 562.000000 2400.000000
438.000000 92.500000 247.500000 104.000000 128.000000 1401.500000 150.000000 0.000000 361.500000 189.333333 143.000000 69.000000 579.000000 904.000000 693.500000 592.000000 2550.000000
204.000000 454.000000 609.000000 411.000000 67.000000 1340.500000 204.000000 361.500000 0.000000 325.000000 504.500000 220.833333 345.000000 843.000000 1055.000000 358.000000 2604.000000
529.000000 179.500000 334.500000 86.000000 317.333333 1590.833333 121.000000 189.333333 325.000000 0.000000 128.000000 258.333333 670.000000 1093.333333 780.500000 683.000000 2605.500000
419.000000 257.000000 237.600000 214.000000 292.500000 1566.000000 7.000000 143.000000 504.500000 128.000000 0.000000 233.500000 722.000000 1068.500000 858.000000 735.000000 2407.000000
424.833333 275.000000 471.100000 173.000000 59.000000 1332.500000 226.500000 69.000000 220.833333 258.333333 233.500000 0.000000 565.833333 835.000000 1032.000000 578.833333 2894.000000
141.000000 373.000000 528.000000 675.500000 297.000000 1570.500000 549.000000 579.000000 345.000000 670.000000 722.000000 565.833333 0.000000 1073.000000 974.000000 13.000000 2949.000000
932.000000 1110.000000 1306.100000 1008.000000 186.000000 909.000000 1061.500000 904.000000 843.000000 1093.333333 1068.500000 835.000000 1073.000000 0.000000 1832.500000 1086.000000 3526.000000
833.000000 601.000000 876.000000 694.500000 1646.500000 2741.500000 851.000000 693.500000 1055.000000 780.500000 858.000000 1032.000000 974.000000 1832.500000 0.000000 987.000000 5751.500000
154.000000 386.000000 541.000000 688.500000 310.000000 1583.500000 562.000000 592.000000 358.000000 683.000000 735.000000 578.833333 13.000000 1086.000000 987.000000 0.000000 2962.000000
2808.000000 2756.000000 2644.600000 2654.000000 3340.000000 4435.000000 2400.000000 2550.000000 2604.000000 2605.500000 2407.000000 2894.000000 2949.000000 3526.000000 5751.500000 2962.000000 0.000000
