0.000000 0.378404 0.330978 0.358766 0.271849 0.321328 0.162726 0.329920 0.199651 0.387906 0.357777 0.096586 0.335543 0.336987 0.305149 0.210173 0.331890 0.097442 0.092169
-100000.000000 0.000000 0.150483 0.178650 0.551486 0.604152 0.271922 0.242536 0.232894 0.354418 0.432796 0.361982 0.208260 0.187762 0.231737 0.343355 0.229958 0.457987 0.315132
0.330978 0.150483 0.000000 0.098095 0.468893 0.519080 0.182238 0.104138 0.186145 0.234183 0.501286 0.336828 0.105150 0.050885 0.084102 0.383889 0.079542 0.425477 0.246537
0.358766 0.178650 0.098095 0.000000 0.446823 0.494578 0.230040 0.180809 0.174334 0.178158 0.546328 0.341781 0.040557 0.068853 0.132248 0.408022 0.130056 0.450894 0.271762
0.271849 0.551486 0.468893 0.446823 0.000000 0.053937 0.339214 0.464548 0.319189 0.367101 0.604743 0.259819 0.411694 0.443960 0.417480 0.433282 0.442089 0.287562 0.275130
0.321328 0.604152 0.519080 0.494578 0.053937 0.000000 0.390603 0.511930 0.371973 0.403136 0.651345 0.310542 0.458885 0.492293 0.465211 0.481760 0.489188 0.329047 0.327893
0.162726 0.271922 0.182238 0.230040 0.339214 0.390603 0.000000 0.167289 0.140393 0.276754 0.424924 0.204401 0.206574 0.189140 0.147006 0.291302 0.172693 0.259156 0.083301
0.329920 0.242536 0.104138 0.180809 0.464548 0.511930 0.167289 0.000000 0.236937 0.243928 0.535968 0.362707 0.168740 0.112015 0.064540 0.426296 0.057534 0.425758 0.247071
0.199651 0.232894 0.186145 0.174334 0.319189 0.371973 0.140393 0.236937 0.000000 0.243167 0.428289 0.167699 0.156977 0.180435 0.185998 0.262886 0.208319 0.284098 0.127663
0.387906 0.354418 0.234183 0.178158 0.367101 0.403136 0.276754 0.243928 0.243167 0.000000 0.665887 0.379389 0.146416 0.183880 0.189623 0.505322 0.192729 0.476668 0.301352
0.357777 0.432796 0.501286 0.546328 0.604743 0.651345 0.424924 0.535968 0.428289 0.665887 0.000000 0.354229 0.549633 0.536847 0.532664 0.185769 0.549828 0.339713 0.402857
0.096586 0.361982 0.336828 0.341781 0.259819 0.310542 0.204401 0.362707 0.167699 0.379389 0.354229 0.000000 0.322356 0.338930 0.324834 0.176664 0.350979 0.133568 0.127202
0.335543 0.208260 0.105150 0.040557 0.411694 0.458885 0.206574 0.168740 0.156977 0.146416 0.549633 0.322356 0.000000 0.063403 0.111247 0.404599 0.114390 0.428795 0.246239
0.336987 0.187762 0.050885 0.068853 0.443960 0.492293 0.189140 0.112015 0.180435 0.183880 0.536847 0.338930 0.063403 0.000000 0.067872 0.406849 0.062705 0.432910 0.247528
0.305149 0.231737 0.084102 0.132248 0.417480 0.465211 0.147006 0.064540 0.185998 0.189623 0.532664 0.324834 0.111247 0.067872 0.000000 0.404516 0.027438 0.402553 0.215654
0.210173 0.343355 0.383889 0.408022 0.433282 0.481760 0.291302 0.426296 0.262886 0.505322 0.185769 0.176664 0.404599 0.406849 0.404516 0.000000 0.425791 0.210202 0.248814
0.331890 0.229958 0.079542 0.130056 0.442089 0.489188 0.172693 0.057534 0.208319 0.192729 0.549828 0.350979 0.114390 0.062705 0.027438 0.425791 0.000000 0.429234 0.242760
0.097442 0.457987 0.425477 0.450894 0.287562 0.329047 0.259156 0.425758 0.284098 0.476668 0.339713 0.133568 0.428795 0.432910 0.402553 0.210202 0.429234 0.000000 0.188833
0.092169 0.315132 0.246537 0.271762 0.275130 0.327893 0.083301 0.247071 0.127663 0.301352 0.402857 0.127202 0.246239 0.247528 0.215654 0.248814 0.242760 0.188833 0.000000
