0.000000 0.378404 0.330978 0.358766 0.271849 0.321328 0.199651
-100000.000000 0.000000 0.150483 0.178650 0.551486 0.604152 0.232894
0.330978 0.150483 0.000000 0.098095 0.468893 0.519080 0.186145
0.358766 0.178650 0.098095 0.000000 0.446823 0.494578 0.174334
0.271849 0.551486 0.468893 0.446823 0.000000 0.053937 0.319189
0.321328 0.604152 0.519080 0.494578 0.053937 0.000000 0.371973
0.199651 0.232894 0.186145 0.174334 0.319189 0.371973 0.000000
