0.000000 0.378404 0.330978 0.358766 0.271849 0.321328 0.199651 0.387906 0.096586
-100000.000000 0.000000 0.150483 0.178650 0.551486 0.604152 0.232894 0.354418 0.361982
0.330978 0.150483 0.000000 0.098095 0.468893 0.519080 0.186145 0.234183 0.336828
0.358766 0.178650 0.098095 0.000000 0.446823 0.494578 0.174334 0.178158 0.341781
0.271849 0.551486 0.468893 0.446823 0.000000 0.053937 0.319189 0.367101 0.259819
0.321328 0.604152 0.519080 0.494578 0.053937 0.000000 0.371973 0.403136 0.310542
0.199651 0.232894 0.186145 0.174334 0.319189 0.371973 0.000000 0.243167 0.167699
0.387906 0.354418 0.234183 0.178158 0.367101 0.403136 0.243167 0.000000 0.379389
0.096586 0.361982 0.336828 0.341781 0.259819 0.310542 0.167699 0.379389 0.000000
